0110000100011011000000010000010001110110011100111001010001100010000101000100100011000011100010000111
1010111101000010100101111111010101010100110110110101111110110101100011111111101111001001110110010011
1110110011000010110110001010010000101011011010100100000101010100010001110001111000111111111111111100
0101000010100101001011101000110101101111001111111010010111000101000100001010111110101110100110110110
1000101011010101100000000010011011001110001010110110101100110001011111000000000101101101110100110000
1000101110010011110000101111000110010111010110111000101001110010111001110100111011000111010011100000
1000011100000110000111010001000101101001101001010101001101110111011001010100000001011101011100001110
1011000000000000100100011011000101111101111111010101001001101110011011001101110110011110001010000010
1101000011100001011010101011001101010010000011011111001101101001001011110100011110111011011100100011
1111010011101010110111010011001101111111111011001010011011011100110110010010011010010011100101001100
1010000100001111110101101010101110000011001101111001000001110110010000011000000111001100000110010011
1111001100011111011110010001111111100011000100000011001111000001101111101001111000000000111111001001
1000000000100101110001000011101110111000111010111110010111111010011001100100101110101011110110000100
1001111011010000000110001111001001011101010101001111100010001111001111011000010001100011101111100000
0111111110000110110000000001111010000010111011010001011000101001011100101000101001011100111001001000
0110000000010100101101010100010100000110001110010011000110111100110011001011110111010101011010111001
0111101101111010001001111000011111000011000011111101111001110101010100111000110110110101110110111000
1000101011100111001101111001110000110000010010011001001110101011111111101011110011001101111000010101
1100101001011100000100100100011000111001101010010101001101110100001001111111100011100001100100001110
0000111111010110010001101011100001000011000111100110100000010010010110011000111010110111010110000100
0010011011000001010010100010111111000000101001011111001010101010000000100000001011011111101001111101
0101000000110110000100111100101010010100011000001010010110101010110000001000110001000111001111010001
0010110100010111101001110110100000001100001001111000000100010011010011111011101100110100011011100010
0000111111111100100111100000101100111111011011110101011101101000001000000110111111111110000110000011
0110110101000100100011110110010011000010001001000100011110000010010100011010111010110110101000110110
1010010001101111100100110100101101000011011010001000111101001110111110100010101110011100001010011110
0001011101111000011010010111000000001101011011101000000001001110010001011011110111111011110110010111
1110010000110001011111100101111100110000111001001110001011101101010001000011010100110000100011000101
0010010010011011100100011001010101010101111110111100011001011010110110110110110001101001101011100010
1001101011101111011001110001010111000000000000100101011001011101010001111100100001000011101110111011
0011011111110011000000100100000111111111100001100100101011101011011101001110111001001100111100100010
0100101000010101011001101000001111011000000000001000101101011000010111000000101101011011111100110110
1100111010111011110101100110010100101000011110010110011110101000000101100000100101101100011110100011
0101001001101000011111110101011110100010001100100100100111001100010001111110001010001010100011111001
0110101101010101010100011001111101111000100111110000001110010100100000100101010001001011110010011101
1011101111101111101011000011001101111000101111100101000101011010000110110111110010101100011010100000
1100001111000001101100100110001111111001111111111101100111110101110000100100111110011001100111001001
0111100111001100010101000001110010000111111000101011011100101101011001011011000010001011010101100011
0000001000110000001111110010111110000110001000101001011000100111110010111000101111000100001001110011
1011011010010011001111001101111101001111101011100011010001101010011100111100011000001001100111001111
1101101010001111001110000000000000010111101000000100111010011010000000110111101111011111001101100100
0010100101000011101101010110010000111011111000000000110010001111000101111111010010111010111010111101
0010011100001010100110010000011010111101000000010101000010111010110010101000000110100011101011110010
1111001000110001111000110010011110001110110001001000101111100010100110001111001101101011100100001100
1111100100100010011100111101110001010001001110110100001110010110111001010111011101110101100110111101
0010001111010111001111001101000001011010101101010110011101001000111110111000101101010100111000011000
0101111100000111011011010110101010001100110110110001100000111110100110110100110000001001111011101110
0001100100001110100000101110000111101010101010110011000100010000101010101110100101000011010111111000
0111001101101011110100001010100110100011010001110100110011100000110100101110011101110111110101000011
0110001000001100100110110011111011100100001101000111100101011011001000110011111010111010001001010111
0010101011001011101010001101110111100101110011111101101111000111000000001111100100111111010101100000
0101100001000101010100111001011010111010101011111001000100110101110001101111110100000111010111000001
1011111001011111111010101010100100000010100010101001110011110111010011110000110011010001011001000000
0000101000100000000010011000011001101000111011111101000001011101010000000111111101011100100100001110
0000100011000010001101110101110010011100000000000011111110101010011001000000100110010000111011000100
0011001100101100101100011101101110000010011000010001110000101111111000010110011010001001110000001101
0010111001000010100001001001001000111001110111001000111101010100110110001101111000010101010110010011
0100011111101000000111000101000101000100111010101000010001110111001111000000000001111100111110000001
1001110010110110000111001000100111100101001111100011000111010001000001010111100001000100000001011101
1011000001101001110111111011111001111100110101011001101110100110101100001010100110101000111101010001
0111111000101000001100010110100111010111011001001000100100000110000110100011011011111000011110000001
1000001111011011010101110010100010001010101011011000010101111101110110001110110111001111100011111011
1000010110011101000101101110010011111001001001100000000000010001001011010001011110011011000111011010
0110011001110100010000000110101011101110001011001000101010110011111100000001000010000111100100111010
0010010010010011111001110000110100100111001101011110011111000101010110010100000001011100111100001101
0101001010110110101010101011010110111001000110011001011101100010010110101111001111110111000110101000
1001000101111111111000110101000110100000110111100000111100001000101100111000011101110110101100111111
1011110100110000000110000001010101011101101000011101010101100111111100000010011100001001100011011001
0101000011000101110001000110100110111111111010000111001010110001000011010110011111110111110111101110
0001011111010011001110101000001101110101010110110011101010011101101011101101000010101010101010000111
0110000010100000010000110000010001010111000100000011110010111110010000100111111000100100110100110011
0001011011010000101000101100010101111101111110001001101111101110011000101101000100100011011101011110
1111101110101010101111101100011100111101101000011000001110010100001100010011000111101011111110010010
1011111101110111111011100011101011101000010110010011001101001001111001000000101110101011011010111001
1100001101011001000000011000111000110101111001100100110110101010111101001111101101110100110011001011
0110110001110101000001111100110000101110101110010000001000000001111011101011101010101001101100111111
1101111101100110001011111110000000001000010001010011011001010100000011010100001010101101111010000111
1000100101111101111011100111101010110111011100011011011000111000100001100000011101010011001111010110
1111101011001110001110001100100000010000110001101100100100110011011011111111110001000011011111111000
1011010111101011001100001010000101101011100000110101001001101011011001110010010111100011010000011100
0100011100111100001000101110101011001100100010000100100101000110000100100111001111100110000000011011
0001010000010110110111011000011110000000010100101101101110100000010000000011010001000111001001111110
0011001101111110100000100100000111011100011000010000000011010111001110111101101011000101110111111100
0011011100000001000111101010100101111001100000001000110010110101011110000100000110000000001010111001
1101000101110010110111110111011000010110100001010111100001011110110110100101001000111100111111110101
1110001000100011110000000001011001111011010101000100110101010101110010100101100100000100000111100101
0000000101100001011000011000111101000001001011010100111111011110000001101110110111000100111011111000
0111100100110011000001101010110010101000001000000001010001111110001111101100100101111100011001100010
0101110011100110001011000000011100110100110000001001100111100110000011111000111110111000110100011010
0100111110100101111011111010110011010001111001101101111110101100100001101000011110110000111000111011
0001000001101011100001000101011110101011101010111000110111000011100001100100001111011111011010010000
1010001011011000100001110110010110001100100000011011001000111100000100101000110001001101001010010101
1010011100110100010011110101010101010111000101001101101100010000111101110110111000110011100100011000
0100110001011010100000111111000111101100110110100110111011110000000101000100010001100011110001100101
0011010100111000011111110110000111011110001011101011011000011101111110110110111001001001000001110101
1101100000111010111110011101111110010110111011011001111101011000100100001010010001100111100110100111
0110011000101100100101111010111000011110001110111000011010001011111001100110011110000100000101000000
0110000001000101010111000100111010110101110011000011110101001011001111100000000001110100010100000010
1111011110100000110001111000101111100101110000000000000111001000010100110000101000010111011010100001
0000101001100010101001010011110000111011110100001100100011000100010111101101011111000101001011111100
